2.000000000000000111e-01
-2.440504213557012081e-01
5.853748916177863304e-01
1.859593795267239225e+00
1.589374346202920840e+00
1.103881265762570951e+00
1.343708410085975302e+00
2.581221575212785169e+00
8.073147718785074201e-01
1.146285175630833431e+00
-1.823995217117617695e-01
-2.420920770166467284e-01
3.452732317666414863e-01
1.583970654003180378e+00
1.849204506459889208e+00
1.981613141552446944e+00
1.698274390478815565e+00
1.629195712786944750e+00
1.672916674744295173e+00
1.826205807227885503e+00
2.009932231974287831e+00
2.344586754805473738e+00
-2.289522001046555566e-01
-1.000000000000000000e+00
-7.012308711521128002e-01
-1.000000000000000000e+00
-9.726068368999746250e-01
-1.000000000000000000e+00
-4.157334045635062703e-01
-1.000000000000000000e+00
-1.000000000000000000e+00
-1.000000000000000000e+00
-1.000000000000000000e+00
-8.324744568350666007e-01
2.920333615638039948e-01
2.129599366722150777e-01
1.765778926222717038e+00
7.909908500933309217e-01
5.863095967450699941e-01
1.059780012535930460e+00
2.208001589161122880e+00
-7.295914557279021828e-01
-1.000000000000000000e+00
-1.000000000000000000e+00
-7.329621788199025545e-02
1.251644091445330398e+00
1.758785801924056758e+00
2.131609915268966482e+00
1.665917014776888028e+00
1.171500387325980608e+00
8.042166407672489692e-01
1.632682982665464078e+00
2.369102765099811769e+00
6.383296435360648058e-01
-3.941481154483379434e-01
1.343751516810214097e+00
1.809120791486461766e+00
2.408963002335357650e+00
2.977355586137432120e+00
3.953659329797640787e+00
2.413422569074791912e+00
3.719147378587204233e+00
3.771096588627641744e+00
3.343021717683686944e+00
1.978348456266465716e+00
2.402221728484406071e+00
2.153746700563039518e+00
2.440180712456659240e+00
3.003806191558743954e+00
2.789374838622173058e+00
4.019507435444088728e+00
4.653571357833167887e+00
5.000000000000000000e+00
5.000000000000000000e+00
4.777476682373629657e+00
5.000000000000000000e+00
5.000000000000000000e+00
5.000000000000000000e+00
5.000000000000000000e+00
4.850422443934683692e+00
3.637283095491540053e+00
2.670029363519800469e+00
2.558319560066002474e+00
2.819319394969064252e+00
2.531600971946121437e+00
4.536586389253314699e+00
2.736907231929701201e+00
3.426259412281985384e+00
2.687914316757171740e+00
5.732998422965573937e-01
1.234501788667150546e+00
1.606553298136502272e+00
1.013130844955054233e+00
2.611902365010404514e-01
6.774842665641781503e-01
-7.575685600452292112e-01
8.854532521666950151e-01
1.321845110164573178e+00
7.030580310392436916e-01
1.398859897800662555e+00
9.629430351953698342e-01
-4.082385622452644469e-01
-1.900194547103722931e-02
6.402957305584990877e-01
1.588591544935922251e-01
5.007449400696263320e-01
9.910825561970907360e-01
1.777020113552398195e+00
9.189565318936420146e-01
5.004307687378225511e-01
2.048285907981136411e+00
3.104286946347891707e+00
3.262440156062155872e+00
2.883029468079771007e+00
1.747829918587456399e+00
1.238766619301027827e+00
5.144958302589064392e-01
-5.697725267437949714e-01
2.025299346226109520e+00
9.779982508670275188e-01
-4.744896661987725306e-01
-4.917521996900632852e-01
-5.355635490887802330e-01
-1.000000000000000000e+00
-1.000000000000000000e+00
5.965509042985717159e-02
-3.526098956264853146e-01
8.810750008556977875e-02
6.040691918912045599e-01
3.992169729360364183e-01
2.962808760422414034e-02
1.661305212024991818e+00
1.581102902344389216e+00
1.839248764275989378e+00
6.004614471121791919e-01
1.127264851385157529e+00
1.650523938745537711e+00
1.527057418693201551e+00
1.184330943816841231e+00
9.962412381019890573e-01
1.687678563750840910e+00
3.136032589249841962e-01
9.594263273472475317e-01
6.043040789068967467e-01
-1.000000000000000000e+00
-5.649838390150063727e-01
-1.000000000000000000e+00
-2.221671397363403910e-01
-3.969958473769849561e-01
-5.107646495275736109e-01
-4.372138286505361515e-02
-1.000000000000000000e+00
-1.000000000000000000e+00
-4.722676666395900780e-01
-4.610653159106253285e-01
2.433687820766598509e-01
-1.000000000000000000e+00
-1.000000000000000000e+00
-1.000000000000000000e+00
-1.000000000000000000e+00
-2.024486973234946863e-01
-1.870631287048892533e-01
-1.000000000000000000e+00
-1.000000000000000000e+00
-8.029530441228089899e-01
-1.000000000000000000e+00
1.958470131633698319e-01
7.271773956736079514e-01
-2.788423458057757154e-01
2.759754981386052020e+00
4.150130577188313907e+00
5.000000000000000000e+00
4.986320197266104870e+00
5.000000000000000000e+00
4.687063888501311837e+00
3.950679315194162822e+00
4.163891972894361082e+00
3.072605057694901109e+00
1.122821729672530022e+00
3.035767438821703745e+00
3.199227988835610770e+00
3.224958513510530533e+00
2.174954130253214046e+00
1.971031573036645890e+00
3.295655297494945124e+00
3.310682838609206424e+00
4.137534983952161127e+00
4.059025884568374209e+00
2.867875577430880618e+00
3.790547877197512960e+00
4.664746020137485516e+00
4.957457080820161011e+00
4.873838016028589237e+00
4.968326955583547644e+00
3.856734693583385720e+00
3.940406607984948018e+00
5.000000000000000000e+00
5.000000000000000000e+00
5.000000000000000000e+00
4.971342874231883258e+00
