1.999999999999999833e-01
1.259915964407164746e-01
2.642291486029643699e-01
4.765989658778731486e-01
4.315623910338201585e-01
3.506468776270951770e-01
3.906180683476625504e-01
5.968702625354641578e-01
3.012191286464179218e-01
3.577141959384722014e-01
1.362667463813730384e-01
1.263179871638922258e-01
2.242122052944402755e-01
4.306617756671967112e-01
4.748674177433149235e-01
4.969355235920744907e-01
4.497123984131359276e-01
4.381992854644907731e-01
4.454861124573825104e-01
4.710343012046475653e-01
5.016553719957146384e-01
5.574311258009122527e-01
1.285079666492240646e-01
0.000000000000000000e+00
4.979485480798120228e-02
0.000000000000000000e+00
4.565527183337562793e-03
0.000000000000000000e+00
9.737776590608228366e-02
0.000000000000000000e+00
0.000000000000000000e+00
0.000000000000000000e+00
0.000000000000000000e+00
2.792092386082223321e-02
2.153388935939673232e-01
2.021599894453691704e-01
4.609631543704528767e-01
2.984984750155551536e-01
2.643849327908450175e-01
3.432966687559884100e-01
5.346669315268538503e-01
4.506809071201630518e-02
0.000000000000000000e+00
0.000000000000000000e+00
1.544506303530016333e-01
3.752740152408883811e-01
4.597976336540094411e-01
5.219349858781611173e-01
4.443195024628146528e-01
3.619167312209967680e-01
3.007027734612081615e-01
4.387804971109106611e-01
5.615171275166352949e-01
2.730549405893441528e-01
1.009753140919436715e-01
3.906252528017024050e-01
4.681867985810769794e-01
5.681605003892262751e-01
6.628925976895719829e-01
8.256098882996067978e-01
5.689037615124653557e-01
7.865245630978673352e-01
7.951827647712735869e-01
7.238369529472811204e-01
4.963914093777443415e-01
5.670369547474010119e-01
5.256244500938399566e-01
5.733634520761098363e-01
6.673010319264572887e-01
6.315624731036955097e-01
8.365845725740147509e-01
9.422618929721946479e-01
1.000000000000000000e+00
1.000000000000000000e+00
9.629127803956049059e-01
1.000000000000000000e+00
1.000000000000000000e+00
1.000000000000000000e+00
1.000000000000000000e+00
9.750704073224473190e-01
7.728805159152566384e-01
6.116715605866334116e-01
5.930532600110004493e-01
6.365532324948440790e-01
5.886001619910202765e-01
9.227643982088857832e-01
6.228178719882835335e-01
7.377099020469976010e-01
6.146523861261953270e-01
2.622166403827595471e-01
3.724169647778584058e-01
4.344255496894169899e-01
3.355218074925090388e-01
2.101983727501734178e-01
2.795807110940296547e-01
4.040523999246179582e-02
3.142422086944491877e-01
3.869741850274288630e-01
2.838430051732072634e-01
3.998099829667771110e-01
3.271571725325616575e-01
9.862690629245592089e-02
1.634996757548271284e-01
2.733826217597498665e-01
1.931431924155987134e-01
2.501241566782710368e-01
3.318470926995151227e-01
4.628366855920663103e-01
3.198260886489403543e-01
2.500717947896370918e-01
5.080476513301893648e-01
6.840478243913152845e-01
7.104066926770259416e-01
6.471715780132951679e-01
4.579716530979093814e-01
3.731277698835046563e-01
2.524159717098177214e-01
7.170457887603416680e-02
5.042165577043515867e-01
3.296663751445045865e-01
8.758505563353791157e-02
8.470796671832277192e-02
7.740607515186996579e-02
0.000000000000000000e+00
0.000000000000000000e+00
1.766091817383095286e-01
1.078983507289191096e-01
1.813512500142616390e-01
2.673448653152007970e-01
2.332028288226727364e-01
1.716046812673706901e-01
4.435508686708319881e-01
4.301838170573981657e-01
4.732081273793316001e-01
2.667435745186965135e-01
3.545441418975261993e-01
4.417539897909230073e-01
4.211762364488669252e-01
3.640551573028068533e-01
3.327068730169981947e-01
4.479464272918067813e-01
2.189338764874973753e-01
3.265710545578746071e-01
2.673840131511494578e-01
0.000000000000000000e+00
7.250269349749893788e-02
0.000000000000000000e+00
1.296388100439432589e-01
1.005006921038358314e-01
8.153922507873773151e-02
1.593797695224910826e-01
0.000000000000000000e+00
0.000000000000000000e+00
8.795538889340165367e-02
8.982244734822912580e-02
2.072281303461099844e-01
0.000000000000000000e+00
0.000000000000000000e+00
0.000000000000000000e+00
0.000000000000000000e+00
1.329252171127508764e-01
1.354894785491851106e-01
0.000000000000000000e+00
0.000000000000000000e+00
3.284115931286516604e-02
0.000000000000000000e+00
1.993078355272283053e-01
2.878628992789346586e-01
1.201929423657040474e-01
6.266258302310087069e-01
8.583550961980522809e-01
1.000000000000000000e+00
9.977200328776841820e-01
1.000000000000000000e+00
9.478439814168853061e-01
8.251132191990272480e-01
8.606486621490602174e-01
6.787675096158167776e-01
3.538036216120883370e-01
6.726279064702840316e-01
6.998713314726018320e-01
7.041597522517551999e-01
5.291590217088689707e-01
4.951719288394409446e-01
7.159425495824908170e-01
7.184471397682011817e-01
8.562558306586934842e-01
8.431709807613957386e-01
6.446459295718134364e-01
7.984246461995855304e-01
9.441243366895809563e-01
9.929095134700268721e-01
9.789730026714315025e-01
9.947211592639245703e-01
8.094557822638975830e-01
8.234011013308246696e-01
1.000000000000000000e+00
1.000000000000000000e+00
1.000000000000000000e+00
9.952238123719805429e-01
